0000000000000000000000000000000
0111111100110001101011011111110
0100000100001011010101010000010
0101110100011000011011010111010
0101110101100000101000010111010
0101110100110111010000010111010
0100000101011010001100010000010
0111111101010101010101011111110
0000000001110000101010000000000
0011000100101000101011011010000
0101101000001011010001001100000
0111000101101101000001101000010
0101101001011110000011111110010
0111110101100101110101011110010
0001011011101001100101001011000
0111111110110010001110110011010
0101011000111011110100101110000
0100101111011010111110111111100
0000100001001101010100100001000
0110110101100000011010111000010
0000100010100011110000111010100
0110110110011110000111111110010
0000000001001001111101000100110
0111111100100101110011010101110
0100000100100011101011000110000
0101110100111110001011111111100
0101110100101000000010001011100
0101110101000010100110000101110
0100000101001001000100111110000
0111111100001001111000100110010
0000000000000000000000000000000
